     0,     0
 10867,     0
 -6327,     3
  6725,    14
 14944,    26
 -2138,    47
 12605,    82
 17793,   124
   977,   181
 16939,   255
 18848,   340
  2524,   443
 19299,   563
 17840,   694
  2327,   841
 19593,  1004
 14853,  1172
   557,  1353
 18085,  1543
 10311,  1734
 -2298,  1930
 15337,  2127
  4909,  2317
 -5521,  2507
 12107,  2689
  -513,  2857
 -8303,  3019
  9205,  3166
 -5115,  3295
 -9885,  3412
  7347,  3512
 -8203,  3590
 -9705,  3656
  7023,  3703
 -9352,  3731
 -7499,  3749
  8403,  3750
 -8477,  3737
 -3357,  3718
 11313,  3687
 -5846,  3649
  2291,  3613
 15258,  3573
 -2026,  3536
  8748,  3508
 19518,  3483
  2223,  3468
 15169,  3470
 23279,  3482
  6083,  3511
 20709,  3562
 25778,  3627
  8837,  3715
 24671,  3826
 26449,  3954
  9990,  4104
 26626,  4277
 25026,  4463
  9368,  4669
 26486,  4892
 21594,  5123
  7144,  5368
 24515,  5623
 16581,  5879
  3808,  6142
 21277,  6405
 10680,  6660
    78,  6913
 17533,  7157
  4736,  7387
 -3233,  7607
 14094,  7810
  -410,  7992
 -5365,  8160
 11679,  8307
 -4061,  8429
 -5754,  8536
 10780,  8620
 -5790,  8680
 -4134,  8726
 11570,  8751
 -5510,  8757
  -591,  8753
 13877,  8733
 -3486,  8701
  4447,  8667
 17208,  8623
  -282,  8576
 10284,  8534
 20846,  8490
  3342,  8451
 16079,  8424
 23979,  8403
  6574,  8393
 20990,  8400
 25848,  8415
  8697,  8448
 24321,  8500
 25888,  8563
  9220,  8644
 25646,  8741
 23837,  8848
  7971,  8969
 24881,  9104
 19782,  9241
  5126,  9389
 22291,  9541
 14152,  9690
  1177,  9840
 18444,  9986
  7646, 10121
 -3155, 10249
 14102, 10365
  1108, 10461
 -7055, 10545
 10079, 10609
 -4616, 10648
 -9760, 10670
  7098, 10667
 -8828, 10637
-10703, 10588
  5650, 10513
-11098, 10413
 -9618, 10295
  5913, 10154
-11338,  9991
 -6587,  9817
  7716,  9625
 -9809,  9419
 -2036,  9207
 10569,  8985
 -7075,  8758
  3342,  8534
 13756,  8307
 -3892,  8084
  8705,  7872
 16468,  7663
 -1071,  7467
 13215,  7287
 17946,  7116
   672,  6960
 16177,  6824
 17629,  6698
   848,  6591
 17167,  6501
 15253,  6420
  -713,  6355
 16101,  6302
 10910,  6253
 -3834,  6214
 13247,  6181
  5029,  6145
 -8022,  6113
  9173,  6077
 -1692,  6031
-12556,  5981
  4642,  5920
 -8405,  5842
-16618,  5752
   471,  5644
-14265,  5514
-19446,  5368
 -2621,  5200
-18574,  5007
-20473,  4797
 -4138,  4564
-20901,  4308
-19430,  4037
 -3904,  3745
-21156,  3435
-16401,  3116
 -2090,  2783
-19602,  2438
-11812,  2091
   814,  1737
-16803,  1380
 -6356,  1030
  4094,   682
-13515,   341
  -874,    14
  6937,  -560
-10549,  -864
  3794, -1148
  8587, -1419
 -8622, -1670
  6953, -1898
  8479, -2111
 -8223, -2302
  8178, -2472
  6352, -2628
 -9524, -2765
  7385, -2884
  2293, -2996
-12349, -3092
  4839, -3179
 -3269, -3264
-16206, -3340
  1108, -3415
 -9635, -3496
-20374, -3576
 -3046, -3664
-15961, -3765
-24038, -3872
 -6810, -3994
-21403, -4133
-26438, -4284
 -9464, -4452
-25264, -4641
-27008, -4843
-10515, -5063
-27116, -5302
-25481, -5551
 -9788, -5817
-26870, -6097
-21943, -6381
 -7457, -6677
-24792, -6979
-16822, -7279
 -4014, -7582
-21447, -7882
-10813, -8170
  -175, -8454
-17593, -8726
 -4760, -8980
  3245, -9222
-14046, -9445
   494, -9645
  5486, -9827
-11522, -9985
  4254,-10118
  5983,-10232
-10515,-10321
  6091,-10385
  4471,-10432
-11198,-10456
  5918,-10458
  1034,-10450
-13399,-10423
  3999,-10382
 -3899,-10336
-16626,-10279
   898,-10217
 -9635,-10159
-20163,-10097
 -2626,-10039
-15331, -9991
-23198, -9947
 -5761, -9915
-20145, -9898
-24972, -9889
 -7789, -9895
-23383, -9919
-24921, -9952
 -8223,-10003
-24620,-10071
-22782,-10147
 -6888,-10236
-23770,-10338
-18644,-10443
 -3961,-10556
-21100,-10674
-12936,-10787
    65,-10903
-17178,-11014
 -6356,-11114
  4469,-11208
-12765,-11288
   250,-11349
  8434,-11397
 -8679,-11425
  6036,-11428
 11200,-11413
 -5638,-11373
 10305,-11306
 12198,-11221
 -4138,-11109
 12626,-10971
 11161,-10817
 -4355,-10639
 12910,-10440
  8172,-10228
 -6118, -9999
 11419, -9756
  3657, -9508
 -8937, -9249
  8716, -8985
 -1692, -8724
-12098, -8460
  5557, -8200
 -7033, -7951
-14790, -7707
  2754, -7475
-11528, -7260
-16255, -7054
  1022, -6865
-14482, -6694
-15932, -6535
   848, -6393
-15470, -6270
-13558, -6156
  2406, -6059
-14410, -5975
 -9223, -5896
  5517, -5829
-11569, -5768
 -3357, -5705
  9688, -5646
 -7515, -5586
  3342, -5515
 14197, -5441
 -3011, -5357
 10026, -5257
 18228, -5146
  1128, -5019
 15851, -4869
 21018, -4706
  4179, -4521
 20117, -4312
 22001, -4086
  5650, -3838
 22396, -3569
 20907, -3285
  5363, -2981
 22596, -2660
 17822, -2331
  3491, -1989
 20982, -1636
 13170, -1282
   522,  -922
 18116,  -560
  7646,    50
 -2827,   404
 14756,   749
  2091,  1078
 -5746,  1399
 11714,  1704
 -2656,  1988
 -7475,  2258
  9705,  2507
 -5898,  2733
 -7453,  2943
  9220,  3130
 -7211,  3295
 -5414,  3445
 10431,  3575
 -6508,  3688
 -1448,  3792
 13162,  3880
 -4058,  3958
  4017,  4034
 16921,  4100
  -425,  4164
 10284,  4233
 20989,  4301
  3628,  4374
 16509,  4461
 24551,  4554
  7288,  4659
 21846,  4783
 26846,  4916
  9836,  5067
 25601,  5237
 27309,  5419
 10780,  5619
 27345,  5838
 25674,  6065
  9945,  6308
 26991,  6564
 22028,  6824
  7506,  7094
 24804,  7370
 16798,  7643
  3953,  7918
 21350,  8191
 10680,  8453
     6,  8710
 17388,  8955
  4519,  9181
 -3522,  9396
 13732,  9590
  -843,  9760
 -5870,  9914
 11103, 10042
 -4709, 10144
 -6473, 10226
  9990, 10283
 -6650, 10314
 -5064, 10328
 10571, 10318
 -6579, 10287
 -1728, 10244
 12672, 10184
 -4758, 10109
  3107, 10029
 15802,  9939
 -1753,  9843
  8748,  9750
 19246,  9655
  1678,  9562
 14353,  9479
 22191,  9400
  4725,  9331
 19080,  9277
 23879,  9231
  6669,  9200
 22236,  9187
 23747,  9184
  7023,  9198
 23395,  9229
 21532,  9268
  5613,  9321
 22471,  9386
 17322,  9453
  2617,  9530
 19734,  9612
 11549,  9690
 -1472,  9769
 15750,  9845
  4909,  9909
 -5934,  9966
 11282, 10011
 -1751, 10037
 -9952, 10050
  7145, 10043
 -7585, 10011
-12763,  9962
  4061,  9889
-11895,  9788
-13801,  9669
  2524,  9523
-14251,  9353
-12796,  9166
  2711,  8955
-14563,  8724
 -9833,  8481
  4450,  8220
-13093,  7946
 -5337,  7668
  7253,  7381
-10404,  7089
     0,  6801
 10404,  6511
 -7253,  6226
  5337,  5953
 13093,  5685
 -4450,  5430
  9833,  5192
 14563,  4964
 -2711,  4753
 12796,  4562
 14251,  4382
 -2524,  4222
 13801,  4080
 11895,  3949
 -4061,  3834
 12763,  3734
  7585,  3639
 -7145,  3557
  9952,  3481
  1751,  3404
-11282,  3332
  5934,  3260
 -4909,  3178
-15750,  3093
  1472,  2999
-11549,  2888
-19734,  2769
 -2617,  2632
-17322,  2475
-22471,  2303
 -5613,  2111
-21532,  1896
-23395,  1666
 -7023,  1414
-23747,  1140
-22236,   853
 -6669,   547
-23879,   225
-19080,  -362
 -4725,  -707
-22191, -1060
-14353, -1414
 -1678, -1774
-19246, -2133
 -8748, -2485
  1753, -2834
-15802, -3175
 -3107, -3500
  4758, -3816
-12672, -4114
  1728, -4391
  6579, -4654
-10571, -4895
  5064, -5112
  6650, -5314
 -9990, -5492
  6473, -5647
  4709, -5788
-11103, -5907
  5870, -6008
   843, -6099
-13732, -6173
  3522, -6236
 -4519, -6296
-17388, -6347
    -6, -6394
-10680, -6447
-21350, -6498
 -3953, -6554
-16798, -6622
-24804, -6694
 -7506, -6779
-22028, -6881
-26991, -6992
 -9945, -7121
-25674, -7268
-27345, -7426
-10780, -7603
-27309, -7797
-25601, -8000
 -9836, -8218
-26846, -8449
-21846, -8684
 -7288, -8929
-24551, -9180
-16509, -9426
 -3628, -9674
-20989, -9918
-10284,-10150
   425,-10376
-16921,-10589
 -4017,-10783
  4058,-10965
-13162,-11126
  1448,-11262
  6508,-11382
-10431,-11476
  5414,-11544
  7211,-11593
 -9220,-11616
  7453,-11613
  5898,-11593
 -9705,-11549
  7475,-11484
  2656,-11408
-11714,-11312
  5746,-11203
 -2091,-11088
-14756,-10963
  2827,-10832
 -7646,-10705
-18116,-10573
  -522,-10445
-13170,-10326
-20982,-10210
 -3491,-10106
-17822,-10016
-22596, -9935
 -5363, -9869
-20907, -9821
-22396, -9783
 -5650, -9762
-22001, -9758
-20117, -9762
 -4179, -9781
-21018, -9812
-15851, -9846
 -1128, -9889
-18228, -9937
-10026, -9980
  3011,-10026
-14197,-10068
 -3342,-10098
  7515,-10122
 -9688,-10133
  3357,-10125
 11569,-10105
 -5517,-10065
  9223,-10001
 14410, -9921
 -2406, -9816
 13558, -9686
 15470, -9537
  -848, -9364
 15932, -9166
 14482, -8951
 -1022, -8714
 16255, -8457
 11528, -8189
 -2754, -7905
 14790, -7607
  7033, -7305
 -5557, -6993
 12098, -6678
  1692, -6369
 -8716, -6057
  8937, -5751
 -3657, -5457
-11419, -5169
  6118, -4894
 -8172, -4637
-12910, -4391
  4355, -4163
-11161, -3955
-12626, -3760
  4138, -3584
-12198, -3428
-10305, -3283
  5638, -3155
-11200, -3043
 -6036, -2936
  8679, -2841
 -8434, -2755
  -250, -2667
 12765, -2585
 -4469, -2504
  6356, -2414
 17178, -2322
   -65, -2222
 12936, -2106
 21100, -1982
  3961, -1841
 18644, -1680
 23770, -1506
  6888, -1311
 22782, -1094
 24620,  -863
  8223,  -611
 24921,  -338
 23383,   203
  7789,   507
 24972,   826
 20145,  1153
  5761,  1493
 23198,  1840
 15331,  2188
  2626,  2541
 20163,  2892
  9635,  3235
  -898,  3574
 16626,  3904
  3899,  4218
 -3999,  4522
 13399,  4809
 -1034,  5074
 -5918,  5324
 11198,  5552
 -4471,  5755
 -6091,  5941
 10515,  6104
 -5983,  6242
 -4254,  6366
 11522,  6467
 -5486,  6549
  -494,  6620
 14046,  6673
 -3245,  6715
  4760,  6753
 17593,  6781
   175,  6805
 10813,  6833
 21447,  6859
  4014,  6889
 16822,  6931
 24792,  6978
  7457,  7037
 21943,  7113
 26870,  7197
  9788,  7298
 25481,  7417
 27116,  7548
 10515,  7695
 27008,  7860
 25264,  8033
  9464,  8221
 26438,  8421
 21403,  8625
  6810,  8838
 24038,  9056
 15961,  9270
  3046,  9486
 20374,  9698
  9635,  9899
 -1108, 10093
 16206, 10274
  3269, 10437
 -4839, 10586
 12349, 10715
 -2293, 10820
 -7385, 10907
  9524, 10968
 -6352, 11003
 -8178, 11019
  8223, 11009
 -8479, 10973
 -6953, 10921
  8622, 10844
 -8587, 10745
 -3794, 10634
 10549, 10503
 -6937, 10359
   874, 10209
 13515, 10049
 -4094,  9884
  6356,  9721
 16803,  9556
  -814,  9395
 11812,  9243
 19602,  9095
  2090,  8957
 16401,  8836
 21156,  8722
  3904,  8625
 19430,  8545
 20901,  8475
  4138,  8422
 20473,  8387
 18574,  8359
  2621,  8346
 19446,  8345
 14265,  8347
  -471,  8359
 16618,  8376
  8405,  8389
 -4642,  8404
 12556,  8415
  1692,  8415
 -9173,  8410
  8022,  8393
 -5029,  8357
-13247,  8309
  3834,  8242
-10910,  8152
-16101,  8045
   713,  7914
-15253,  7758
-17167,  7584
  -848,  7385
-17629,  7161
-16177,  6922
  -672,  6661
-17946,  6380
-13215,  6090
  1071,  5782
-16468,  5462
 -8705,  5139
  3892,  4808
-13756,  4473
 -3342,  4143
  7075,  3813
-10569,  3488
  2036,  3176
  9809,  2870
 -7716,  2578
  6587,  2305
 11338,  2043
 -5913,  1800
  9618,  1578
 11098,  1369
 -5650,  1180
 10703,  1011
  8828,   853
 -7098,   714
  9760,   590
  4616,   474
-10079,   370
  7055,   275
 -1108,   181
-14102,    92
  3155,     4
 -7646,  -346
-18444,  -442
 -1177,  -545
-14152,  -664
-22291,  -790
 -5126,  -932
-19782, -1093
-24881, -1267
 -7971, -1459
-23837, -1673
-25646, -1900
 -9220, -2147
-25888, -2414
-24321, -2692
 -8697, -2988
-25848, -3299
-20990, -3615
 -6574, -3944
-23979, -4281
-16079, -4616
 -3342, -4957
-20846, -5296
-10284, -5624
   282, -5949
-17208, -6263
 -4447, -6560
  3486, -6846
-13877, -7114
   591, -7359
  5510, -7588
-11570, -7794
  4134, -7975
  5790, -8140
-10780, -8279
  5754, -8395
  4061, -8494
-11679, -8572
  5365, -8630
   410, -8676
-14094, -8706
  3233, -8723
 -4736, -8736
-17533, -8739
   -78, -8738
-10680, -8741
-21277, -8741
 -3808, -8745
-16581, -8760
-24515, -8779
 -7144, -8810
-21594, -8857
-26486, -8913
 -9368, -8984
-25026, -9074
-26626, -9174
 -9990, -9290
-26449, -9424
-24671, -9565
 -8837, -9721
-25778, -9890
-20709,-10061
 -6083,-10241
-23279,-10427
-15169,-10608
 -2223,-10791
-19518,-10970
 -8748,-11138
  2026,-11299
-15258,-11448
 -2291,-11576
  5846,-11692
-11313,-11786
  3357,-11856
  8477,-11908
 -8403,-11935
  7499,-11935
  9352,-11916
 -7023,-11871
  9705,-11800
  8203,-11712
 -7347,-11599
  9885,-11465
  5115,-11318
 -9205,-11153
  8303,-10973
   513,-10789
-12107,-10594
  5521,-10394
 -4909,-10197
-15337, -9996
  2298, -9800
-10311, -9614
-18085, -9432
  -557, -9260
-14853, -9105
-19593, -8958
 -2327, -8828
-17840, -8715
-19299, -8613
 -2524, -8527
-18848, -8458
-16939, -8399
  -977, -8354
-17793, -8322
-12605, -8294
  2138, -8276
-14944, -8264
 -6725, -8249
  6327, -8237
-10867, -8222
     0, -8196
 10867, -8165
 -6327, -8123
  6725, -8062
 14944, -7989
 -2138, -7898
 12605, -7783
 17793, -7652
   977, -7499
 16939, -7321
 18848, -7126
  2524, -6906
 19299, -6663
 17840, -6405
  2327, -6125
 19593, -5827
 14853, -5518
   557, -5193
 18085, -4857
 10311, -4520
 -2298, -4174
 15337, -3826
  4909, -3485
 -5521, -3143
 12107, -2808
  -513, -2487
 -8303, -2172
  9205, -1872
 -5115, -1591
 -9885, -1322
  7347, -1072
 -8203,  -844
 -9705,  -630
  7023,  -437
 -9352,  -264
 -7499,   152
  8403,   293
 -8477,   418
 -3357,   534
 11313,   637
 -5846,   730
  2291,   821
 15258,   906
 -2026,   990
  8748,  1080
 19518,  1172
  2223,  1271
 15169,  1383
 23279,  1503
  6083,  1637
 20709,  1790
 25778,  1956
  8837,  2140
 24671,  2345
 26449,  2563
  9990,  2802
 26626,  3059
 25026,  3326
  9368,  3611
 26486,  3911
 21594,  4216
  7144,  4532
 24515,  4854
 16581,  5175
  3808,  5500
 21277,  5823
 10680,  6135
    78,  6444
 17533,  6742
  4736,  7022
 -3233,  7291
 14094,  7541
  -410,  7767
 -5365,  7977
 11679,  8163
 -4061,  8324
 -5754,  8466
 10780,  8584
 -5790,  8676
 -4134,  8753
 11570,  8807
 -5510,  8840
  -591,  8861
 13877,  8864
 -3486,  8854
  4447,  8839
 17208,  8813
  -282,  8782
 10284,  8754
 20846,  8723
  3342,  8696
 16079,  8680
 23979,  8669
  6574,  8668
 20990,  8682
 25848,  8705
  8697,  8744
 24321,  8801
 25888,  8868
  9220,  8951
 25646,  9052
 23837,  9161
  7971,  9283
 24881,  9418
 19782,  9555
  5126,  9701
 22291,  9853
 14152, 10000
  1177, 10150
 18444, 10295
  7646, 10429
 -3155, 10556
 14102, 10671
  1108, 10765
 -7055, 10847
 10079, 10908
 -4616, 10944
 -9760, 10962
  7098, 10955
 -8828, 10921
