0
10867
-6327
6725
14944
-2138
12605
17793
977
16939
18848
2524
19299
17840
2327
19593
14853
557
18085
10311
-2298
15337
4909
-5521
12107
-513
-8303
9205
-5115
-9885
7347
-8203
-9705
7023
-9352
-7499
8403
-8477
-3357
11313
-5846
2291
15258
-2026
8748
19518
2223
15169
23279
6083
20709
25778
8837
24671
26449
9990
26626
25026
9368
26486
21594
7144
24515
16581
3808
21277
10680
78
17533
4736
-3233
14094
-410
-5365
11679
-4061
-5754
10780
-5790
-4134
11570
-5510
-591
13877
-3486
4447
17208
-282
10284
20846
3342
16079
23979
6574
20990
25848
8697
24321
25888
9220
25646
23837
7971
24881
19782
5126
22291
14152
1177
18444
7646
-3155
14102
1108
-7055
10079
-4616
-9760
7098
-8828
-10703
5650
-11098
-9618
5913
-11338
-6587
7716
-9809
-2036
10569
-7075
3342
13756
-3892
8705
16468
-1071
13215
17946
672
16177
17629
848
17167
15253
-713
16101
10910
-3834
13247
5029
-8022
9173
-1692
-12556
4642
-8405
-16618
471
-14265
-19446
-2621
-18574
-20473
-4138
-20901
-19430
-3904
-21156
-16401
-2090
-19602
-11812
814
-16803
-6356
4094
-13515
-874
6937
-10549
3794
8587
-8622
6953
8479
-8223
8178
6352
-9524
7385
2293
-12349
4839
-3269
-16206
1108
-9635
-20374
-3046
-15961
-24038
-6810
-21403
-26438
-9464
-25264
-27008
-10515
-27116
-25481
-9788
-26870
-21943
-7457
-24792
-16822
-4014
-21447
-10813
-175
-17593
-4760
3245
-14046
494
5486
-11522
4254
5983
-10515
6091
4471
-11198
5918
1034
-13399
3999
-3899
-16626
898
-9635
-20163
-2626
-15331
-23198
-5761
-20145
-24972
-7789
-23383
-24921
-8223
-24620
-22782
-6888
-23770
-18644
-3961
-21100
-12936
65
-17178
-6356
4469
-12765
250
8434
-8679
6036
11200
-5638
10305
12198
-4138
12626
11161
-4355
12910
8172
-6118
11419
3657
-8937
8716
-1692
-12098
5557
-7033
-14790
2754
-11528
-16255
1022
-14482
-15932
848
-15470
-13558
2406
-14410
-9223
5517
-11569
-3357
9688
-7515
3342
14197
-3011
10026
18228
1128
15851
21018
4179
20117
22001
5650
22396
20907
5363
22596
17822
3491
20982
13170
522
18116
7646
-2827
14756
2091
-5746
11714
-2656
-7475
9705
-5898
-7453
9220
-7211
-5414
10431
-6508
-1448
13162
-4058
4017
16921
-425
10284
20989
3628
16509
24551
7288
21846
26846
9836
25601
27309
10780
27345
25674
9945
26991
22028
7506
24804
16798
3953
21350
10680
6
17388
4519
-3522
13732
-843
-5870
11103
-4709
-6473
9990
-6650
-5064
10571
-6579
-1728
12672
-4758
3107
15802
-1753
8748
19246
1678
14353
22191
4725
19080
23879
6669
22236
23747
7023
23395
21532
5613
22471
17322
2617
19734
11549
-1472
15750
4909
-5934
11282
-1751
-9952
7145
-7585
-12763
4061
-11895
-13801
2524
-14251
-12796
2711
-14563
-9833
4450
-13093
-5337
7253
-10404
0
10404
-7253
5337
13093
-4450
9833
14563
-2711
12796
14251
-2524
13801
11895
-4061
12763
7585
-7145
9952
1751
-11282
5934
-4909
-15750
1472
-11549
-19734
-2617
-17322
-22471
-5613
-21532
-23395
-7023
-23747
-22236
-6669
-23879
-19080
-4725
-22191
-14353
-1678
-19246
-8748
1753
-15802
-3107
4758
-12672
1728
6579
-10571
5064
6650
-9990
6473
4709
-11103
5870
843
-13732
3522
-4519
-17388
-6
-10680
-21350
-3953
-16798
-24804
-7506
-22028
-26991
-9945
-25674
-27345
-10780
-27309
-25601
-9836
-26846
-21846
-7288
-24551
-16509
-3628
-20989
-10284
425
-16921
-4017
4058
-13162
1448
6508
-10431
5414
7211
-9220
7453
5898
-9705
7475
2656
-11714
5746
-2091
-14756
2827
-7646
-18116
-522
-13170
-20982
-3491
-17822
-22596
-5363
-20907
-22396
-5650
-22001
-20117
-4179
-21018
-15851
-1128
-18228
-10026
3011
-14197
-3342
7515
-9688
3357
11569
-5517
9223
14410
-2406
13558
15470
-848
15932
14482
-1022
16255
11528
-2754
14790
7033
-5557
12098
1692
-8716
8937
-3657
-11419
6118
-8172
-12910
4355
-11161
-12626
4138
-12198
-10305
5638
-11200
-6036
8679
-8434
-250
12765
-4469
6356
17178
-65
12936
21100
3961
18644
23770
6888
22782
24620
8223
24921
23383
7789
24972
20145
5761
23198
15331
2626
20163
9635
-898
16626
3899
-3999
13399
-1034
-5918
11198
-4471
-6091
10515
-5983
-4254
11522
-5486
-494
14046
-3245
4760
17593
175
10813
21447
4014
16822
24792
7457
21943
26870
9788
25481
27116
10515
27008
25264
9464
26438
21403
6810
24038
15961
3046
20374
9635
-1108
16206
3269
-4839
12349
-2293
-7385
9524
-6352
-8178
8223
-8479
-6953
8622
-8587
-3794
10549
-6937
874
13515
-4094
6356
16803
-814
11812
19602
2090
16401
21156
3904
19430
20901
4138
20473
18574
2621
19446
14265
-471
16618
8405
-4642
12556
1692
-9173
8022
-5029
-13247
3834
-10910
-16101
713
-15253
-17167
-848
-17629
-16177
-672
-17946
-13215
1071
-16468
-8705
3892
-13756
-3342
7075
-10569
2036
9809
-7716
6587
11338
-5913
9618
11098
-5650
10703
8828
-7098
9760
4616
-10079
7055
-1108
-14102
3155
-7646
-18444
-1177
-14152
-22291
-5126
-19782
-24881
-7971
-23837
-25646
-9220
-25888
-24321
-8697
-25848
-20990
-6574
-23979
-16079
-3342
-20846
-10284
282
-17208
-4447
3486
-13877
591
5510
-11570
4134
5790
-10780
5754
4061
-11679
5365
410
-14094
3233
-4736
-17533
-78
-10680
-21277
-3808
-16581
-24515
-7144
-21594
-26486
-9368
-25026
-26626
-9990
-26449
-24671
-8837
-25778
-20709
-6083
-23279
-15169
-2223
-19518
-8748
2026
-15258
-2291
5846
-11313
3357
8477
-8403
7499
9352
-7023
9705
8203
-7347
9885
5115
-9205
8303
513
-12107
5521
-4909
-15337
2298
-10311
-18085
-557
-14853
-19593
-2327
-17840
-19299
-2524
-18848
-16939
-977
-17793
-12605
2138
-14944
-6725
6327
-10867
0
10867
-6327
6725
14944
-2138
12605
17793
977
16939
18848
2524
19299
17840
2327
19593
14853
557
18085
10311
-2298
15337
4909
-5521
12107
-513
-8303
9205
-5115
-9885
7347
-8203
-9705
7023
-9352
-7499
8403
-8477
-3357
11313
-5846
2291
15258
-2026
8748
19518
2223
15169
23279
6083
20709
25778
8837
24671
26449
9990
26626
25026
9368
26486
21594
7144
24515
16581
3808
21277
10680
78
17533
4736
-3233
14094
-410
-5365
11679
-4061
-5754
10780
-5790
-4134
11570
-5510
-591
13877
-3486
4447
17208
-282
10284
20846
3342
16079
23979
6574
20990
25848
8697
24321
25888
9220
25646
23837
7971
24881
19782
5126
22291
14152
1177
18444
7646
-3155
14102
1108
-7055
10079
-4616
-9760
7098
-8828
