     0,     0
 10867,     0
 -6327,  3636
  6725, -9040
 14944,  8009
 -2138,  1273
 12605, -9926
 17793,  8807
   977,  -273
 16939, -9179
 18848,  9478
  2524, -1798
 19299, -8291
 17840, 10004
  2327, -3267
 19593, -7230
 14853, 10334
   557, -4661
 18085, -6017
 10311, 10463
 -2298, -5956
 15337, -4676
  4909, 10388
 -5521, -7130
 12107, -3242
  -513, 10103
 -8303, -8162
  9205, -1748
 -5115,  9612
 -9885, -9037
  7347,    28
 -8203,  8918
 -9705, -9740
  7023,  1538
 -9352,  8032
 -7499,-10263
  8403,  3007
 -8477,  6971
 -3357,-10592
 11313,  4401
 -5846,  5757
  2291,-10722
 15258,  5697
 -2026,  4417
  8748,-10648
 19518,  6871
  2223,  2982
 15169,-10364
 23279,  7902
  6083,  1488
 20709, -9872
 25778,  8777
  8837,  -288
 24671, -9179
 26449,  9480
  9990, -1799
 26626, -8292
 25026, 10002
  9368, -3268
 26486, -7232
 21594, 10332
  7144, -4662
 24515, -6017
 16581, 10462
  3808, -5958
 21277, -4678
 10680, 10387
    78, -7131
 17533, -3243
  4736, 10103
 -3233, -8163
 14094, -1749
  -410,  9611
 -5365, -9038
 11679,    28
 -4061,  8917
 -5754, -9741
 10780,  1538
 -5790,  8031
 -4134,-10263
 11570,  3006
 -5510,  6970
  -591,-10593
 13877,  4401
 -3486,  5756
  4447,-10723
 17208,  5697
  -282,  4416
 10284,-10648
 20846,  6870
  3342,  2982
 16079,-10364
 23979,  7902
  6574,  1487
 20990, -9872
 25848,  8777
  8697,  -289
 24321, -9178
 25888,  9480
  9220, -1799
 25646, -8292
 23837, 10002
  7971, -3267
 24881, -7231
 19782, 10332
  5126, -4662
 22291, -6017
 14152, 10462
  1177, -5957
 18444, -4677
  7646, 10387
 -3155, -7131
 14102, -3243
  1108, 10103
 -7055, -8162
 10079, -1747
 -4616,  9612
 -9760, -9037
  7098,    28
 -8828,  8918
-10703, -9741
  5650,  1539
-11098,  8032
 -9618,-10262
  5913,  3007
-11338,  6971
 -6587,-10592
  7716,  4402
 -9809,  5757
 -2036,-10722
 10569,  5697
 -7075,  4417
  3342,-10647
 13756,  6872
 -3892,  2983
  8705,-10363
 16468,  7903
 -1071,  1488
 13215, -9871
 17946,  8778
   672,  -288
 16177, -9177
 17629,  9482
   848, -1798
 17167, -8291
 15253, 10004
  -713, -3266
 16101, -7230
 10910, 10334
 -3834, -4660
 13247, -6016
  5029, 10463
 -8022, -5956
  9173, -4676
 -1692, 10388
-12556, -7129
  4642, -3241
 -8405, 10104
-16618, -8161
   471, -1746
-14265,  9613
-19446, -9036
 -2621,    30
-18574,  8919
-20473, -9739
 -4138,  1540
-20901,  8034
-19430,-10261
 -3904,  3009
-21156,  6973
-16401,-10591
 -2090,  4403
-19602,  5759
-11812,-10720
   814,  5699
-16803,  4419
 -6356,-10645
  4094,  6873
-13515,  2985
  -874,-10361
  6937,  7905
-10549,  1490
  3794, -9870
  8587,  8779
 -8622,  -286
  6953, -9176
  8479,  9483
 -8223, -1796
  8178, -8289
  6352, 10005
 -9524, -3265
  7385, -7229
  2293, 10335
-12349, -4659
  4839, -6015
 -3269, 10465
-16206, -5954
  1108, -4674
 -9635, 10390
-20374, -7128
 -3046, -3240
-15961, 10106
-24038, -8161
 -6810, -1745
-21403,  9614
-26438, -9035
 -9464,    31
-25264,  8920
-27008, -9738
-10515,  1541
-27116,  8035
-25481,-10260
 -9788,  3009
-26870,  6973
-21943,-10590
 -7457,  4404
-24792,  5760
-16822,-10720
 -4014,  5699
-21447,  4419
-10813,-10645
  -175,  6874
-17593,  2985
 -4760,-10361
  3245,  7905
-14046,  1490
   494, -9869
  5486,  8780
-11522,  -285
  4254, -9175
  5983,  9483
-10515, -1796
  6091, -8289
  4471, 10005
-11198, -3264
  5918, -7228
  1034, 10335
-13399, -4659
  3999, -6014
 -3899, 10465
-16626, -5955
   898, -4674
 -9635, 10390
-20163, -7128
 -2626, -3240
-15331, 10105
-23198, -8161
 -5761, -1745
-20145,  9614
-24972, -9035
 -7789,    30
-23383,  8921
-24921, -9739
 -8223,  1541
-24620,  8034
-22782,-10260
 -6888,  3009
-23770,  6973
-18644,-10590
 -3961,  4404
-21100,  5759
-12936,-10720
    65,  5699
-17178,  4419
 -6356,-10646
  4469,  6873
-12765,  2985
   250,-10361
  8434,  7905
 -8679,  1489
  6036, -9870
 11200,  8779
 -5638,  -286
 10305, -9176
 12198,  9482
 -4138, -1797
 12626, -8290
 11161, 10004
 -4355, -3265
 12910, -7229
  8172, 10334
 -6118, -4660
 11419, -6015
  3657, 10464
 -8937, -5956
  8716, -4675
 -1692, 10389
-12098, -7130
  5557, -3241
 -7033, 10104
-14790, -8161
  2754, -1747
-11528,  9613
-16255, -9036
  1022,    30
-14482,  8919
-15932, -9740
   848,  1540
-15470,  8032
-13558,-10261
  2406,  3008
-14410,  6971
 -9223,-10592
  5517,  4402
-11569,  5758
 -3357,-10721
  9688,  5697
 -7515,  4417
  3342,-10647
 14197,  6871
 -3011,  2983
 10026,-10363
 18228,  7903
  1128,  1488
 15851, -9871
 21018,  8777
  4179,  -288
 20117, -9177
 22001,  9481
  5650, -1798
 22396, -8292
 20907, 10003
  5363, -3267
 22596, -7231
 17822, 10333
  3491, -4661
 20982, -6017
 13170, 10462
   522, -5957
 18116, -4677
  7646, 10387
 -2827, -7131
 14756, -3243
  2091, 10102
 -5746, -8162
 11714, -1748
 -2656,  9612
 -7475, -9037
  9705,    28
 -5898,  8917
 -7453, -9741
  9220,  1538
 -7211,  8032
 -5414,-10263
 10431,  3007
 -6508,  6970
 -1448,-10593
 13162,  4401
 -4058,  5757
  4017,-10723
 16921,  5696
  -425,  4416
 10284,-10648
 20989,  6870
  3628,  2982
 16509,-10364
 24551,  7902
  7288,  1487
 21846, -9872
 26846,  8777
  9836,  -289
 25601, -9179
 27309,  9480
 10780, -1799
 27345, -8292
 25674, 10002
  9945, -3268
 26991, -7232
 22028, 10332
  7506, -4662
 24804, -6018
 16798, 10461
  3953, -5957
 21350, -4677
 10680, 10387
     6, -7132
 17388, -3243
  4519, 10103
 -3522, -8162
 13732, -1748
  -843,  9611
 -5870, -9037
 11103,    28
 -4709,  8917
 -6473, -9742
  9990,  1538
 -6650,  8031
 -5064,-10263
 10571,  3006
 -6579,  6970
 -1728,-10593
 12672,  4401
 -4758,  5756
  3107,-10723
 15802,  5696
 -1753,  4417
  8748,-10647
 19246,  6870
  1678,  2982
 14353,-10364
 22191,  7903
  4725,  1488
 19080, -9872
 23879,  8776
  6669,  -288
 22236, -9178
 23747,  9481
  7023, -1799
 23395, -8292
 21532, 10003
  5613, -3267
 22471, -7231
 17322, 10333
  2617, -4661
 19734, -6017
 11549, 10462
 -1472, -5957
 15750, -4677
  4909, 10387
 -5934, -7130
 11282, -3242
 -1751, 10103
 -9952, -8162
  7145, -1747
 -7585,  9612
-12763, -9037
  4061,    29
-11895,  8918
-13801, -9740
  2524,  1539
-14251,  8033
-12796,-10262
  2711,  3007
-14563,  6971
 -9833,-10592
  4450,  4402
-13093,  5758
 -5337,-10721
  7253,  5698
-10404,  4418
     0,-10647
 10404,  6872
 -7253,  2984
  5337,-10362
 13093,  7904
 -4450,  1488
  9833, -9870
 14563,  8779
 -2711,  -287
 12796, -9177
 14251,  9482
 -2524, -1797
 13801, -8290
 11895, 10004
 -4061, -3266
 12763, -7229
  7585, 10334
 -7145, -4660
  9952, -6015
  1751, 10464
-11282, -5955
  5934, -4675
 -4909, 10389
-15750, -7129
  1472, -3241
-11549, 10105
-19734, -8161
 -2617, -1746
-17322,  9613
-22471, -9035
 -5613,    30
-21532,  8920
-23395, -9739
 -7023,  1541
-23747,  8034
-22236,-10261
 -6669,  3009
-23879,  6973
-19080,-10591
 -4725,  4404
-22191,  5759
-14353,-10720
 -1678,  5699
-19246,  4419
 -8748,-10645
  1753,  6873
-15802,  2985
 -3107,-10360
  4758,  7905
-12672,  1490
  1728, -9869
  6579,  8780
-10571,  -286
  5064, -9176
  6650,  9483
 -9990, -1796
  6473, -8289
  4709, 10005
-11103, -3265
  5870, -7228
   843, 10336
-13732, -4659
  3522, -6014
 -4519, 10465
-17388, -5954
    -6, -4674
-10680, 10390
-21350, -7128
 -3953, -3240
-16798, 10106
-24804, -8160
 -7506, -1745
-22028,  9614
-26991, -9034
 -9945,    31
-25674,  8920
-27345, -9738
-10780,  1542
-27309,  8034
-25601,-10260
 -9836,  3010
-26846,  6973
-21846,-10590
 -7288,  4404
-24551,  5759
-16509,-10720
 -3628,  5700
-20989,  4420
-10284,-10645
   425,  6873
-16921,  2985
 -4017,-10360
  4058,  7905
-13162,  1490
  1448, -9869
  6508,  8780
-10431,  -286
  5414, -9175
  7211,  9483
 -9220, -1796
  7453, -8289
  5898, 10005
 -9705, -3265
  7475, -7228
  2656, 10335
-11714, -4659
  5746, -6015
 -2091, 10465
-14756, -5955
  2827, -4674
 -7646, 10389
-18116, -7128
  -522, -3240
-13170, 10105
-20982, -8161
 -3491, -1746
-17822,  9614
-22596, -9035
 -5363,    30
-20907,  8920
-22396, -9739
 -5650,  1540
-22001,  8034
-20117,-10261
 -4179,  3009
-21018,  6972
-15851,-10591
 -1128,  4403
-18228,  5759
-10026,-10720
  3011,  5699
-14197,  4418
 -3342,-10646
  7515,  6872
 -9688,  2984
  3357,-10362
 11569,  7904
 -5517,  1489
  9223, -9870
 14410,  8778
 -2406,  -287
 13558, -9176
 15470,  9482
  -848, -1798
 15932, -8290
 14482, 10003
 -1022, -3266
 16255, -7230
 11528, 10334
 -2754, -4660
 14790, -6016
  7033, 10463
 -5557, -5956
 12098, -4676
  1692, 10388
 -8716, -7130
  8937, -3242
 -3657, 10104
-11419, -8161
  6118, -1747
 -8172,  9612
-12910, -9037
  4355,    29
-11161,  8918
-12626, -9740
  4138,  1539
-12198,  8032
-10305,-10262
  5638,  3007
-11200,  6971
 -6036,-10592
  8679,  4402
 -8434,  5757
  -250,-10722
 12765,  5697
 -4469,  4417
  6356,-10647
 17178,  6871
   -65,  2983
 12936,-10363
 21100,  7903
  3961,  1487
 18644, -9872
 23770,  8777
  6888,  -288
 22782, -9178
 24620,  9480
  8223, -1799
 24921, -8292
 23383, 10002
  7789, -3268
 24972, -7231
 20145, 10333
  5761, -4662
 23198, -6017
 15331, 10462
  2626, -5957
 20163, -4677
  9635, 10387
  -898, -7131
 16626, -3243
  3899, 10103
 -3999, -8162
 13399, -1748
 -1034,  9611
 -5918, -9038
 11198,    28
 -4471,  8917
 -6091, -9742
 10515,  1538
 -5983,  8031
 -4254,-10263
 11522,  3007
 -5486,  6970
  -494,-10593
 14046,  4401
 -3245,  5756
  4760,-10723
 17593,  5697
   175,  4416
 10813,-10648
 21447,  6870
  4014,  2982
 16822,-10364
 24792,  7902
  7457,  1487
 21943, -9872
 26870,  8777
  9788,  -289
 25481, -9178
 27116,  9480
 10515, -1800
 27008, -8292
 25264, 10002
  9464, -3268
 26438, -7231
 21403, 10332
  6810, -4662
 24038, -6017
 15961, 10462
  3046, -5958
 20374, -4677
  9635, 10387
 -1108, -7132
 16206, -3243
  3269, 10103
 -4839, -8162
 12349, -1748
 -2293,  9611
 -7385, -9038
  9524,    28
 -6352,  8918
 -8178, -9741
  8223,  1539
 -8479,  8031
 -6953,-10263
  8622,  3007
 -8587,  6971
 -3794,-10593
 10549,  4401
 -6937,  5757
   874,-10722
 13515,  5697
 -4094,  4417
  6356,-10648
 16803,  6871
  -814,  2983
 11812,-10363
 19602,  7903
  2090,  1488
 16401, -9871
 21156,  8777
  3904,  -288
 19430, -9178
 20901,  9481
  4138, -1798
 20473, -8291
 18574, 10003
  2621, -3267
 19446, -7230
 14265, 10333
  -471, -4661
 16618, -6016
  8405, 10463
 -4642, -5957
 12556, -4676
  1692, 10388
 -9173, -7130
  8022, -3242
 -5029, 10104
-13247, -8161
  3834, -1747
-10910,  9612
-16101, -9036
   713,    29
-15253,  8919
-17167, -9740
  -848,  1539
-17629,  8033
-16177,-10262
  -672,  3008
-17946,  6972
-13215,-10591
  1071,  4403
-16468,  5758
 -8705,-10721
  3892,  5699
-13756,  4418
 -3342,-10646
  7075,  6872
-10569,  2985
  2036,-10362
  9809,  7905
 -7716,  1489
  6587, -9870
 11338,  8779
 -5913,  -287
  9618, -9176
 11098,  9483
 -5650, -1797
 10703, -8290
  8828, 10004
 -7098, -3265
  9760, -7229
  4616, 10335
-10079, -4659
  7055, -6015
 -1108, 10464
-14102, -5955
  3155, -4675
 -7646, 10390
-18444, -7129
 -1177, -3241
-14152, 10105
-22291, -8160
 -5126, -1746
-19782,  9614
-24881, -9034
 -7971,    31
-23837,  8920
-25646, -9739
 -9220,  1541
-25888,  8034
-24321,-10260
 -8697,  3009
-25848,  6973
-20990,-10590
 -6574,  4404
-23979,  5759
-16079,-10720
 -3342,  5700
-20846,  4419
-10284,-10645
   282,  6873
-17208,  2985
 -4447,-10360
  3486,  7905
-13877,  1490
   591, -9869
  5510,  8780
-11570,  -286
  4134, -9175
  5790,  9483
-10780, -1796
  5754, -8289
  4061, 10005
-11679, -3265
  5365, -7228
   410, 10335
-14094, -4659
  3233, -6014
 -4736, 10465
-17533, -5955
   -78, -4674
-10680, 10390
-21277, -7128
 -3808, -3240
-16581, 10106
-24515, -8160
 -7144, -1745
-21594,  9614
-26486, -9035
 -9368,    31
-25026,  8921
-26626, -9738
 -9990,  1541
-26449,  8034
-24671,-10260
 -8837,  3010
-25778,  6973
-20709,-10590
 -6083,  4404
-23279,  5759
-15169,-10720
 -2223,  5700
-19518,  4419
 -8748,-10645
  2026,  6873
-15258,  2985
 -2291,-10361
  5846,  7905
-11313,  1490
  3357, -9869
  8477,  8779
 -8403,  -286
  7499, -9175
  9352,  9483
 -7023, -1797
  9705, -8290
  8203, 10005
 -7347, -3265
  9885, -7228
  5115, 10335
 -9205, -4660
  8303, -6015
   513, 10464
-12107, -5955
  5521, -4675
 -4909, 10389
-15337, -7129
  2298, -3241
-10311, 10105
-18085, -8161
  -557, -1746
-14853,  9613
-19593, -9036
 -2327,    30
-17840,  8919
-19299, -9740
 -2524,  1540
-18848,  8034
-16939,-10261
  -977,  3008
-17793,  6972
-12605,-10591
  2138,  4402
-14944,  5758
 -6725,-10721
  6327,  5698
-10867,  4418
     0,-10646
 10867,  6872
 -6327,  2984
  6725,-10362
 14944,  7904
 -2138,  1489
 12605, -9871
 17793,  8778
   977,  -288
 16939, -9177
 18848,  9481
  2524, -1798
 19299, -8291
 17840, 10004
  2327, -3267
 19593, -7230
 14853, 10334
   557, -4661
 18085, -6017
 10311, 10463
 -2298, -5956
 15337, -4676
  4909, 10388
 -5521, -7130
 12107, -3242
  -513, 10103
 -8303, -8162
  9205, -1748
 -5115,  9612
 -9885, -9037
  7347,    28
 -8203,  8918
 -9705, -9740
  7023,  1538
 -9352,  8032
 -7499,-10263
  8403,  3007
 -8477,  6971
 -3357,-10592
 11313,  4401
 -5846,  5757
  2291,-10722
 15258,  5697
 -2026,  4417
  8748,-10648
 19518,  6871
  2223,  2982
 15169,-10364
 23279,  7902
  6083,  1488
 20709, -9872
 25778,  8777
  8837,  -288
 24671, -9179
 26449,  9480
  9990, -1799
 26626, -8292
 25026, 10002
  9368, -3268
 26486, -7232
 21594, 10332
  7144, -4662
 24515, -6017
 16581, 10462
  3808, -5958
 21277, -4678
 10680, 10387
    78, -7131
 17533, -3243
  4736, 10103
 -3233, -8163
 14094, -1749
  -410,  9611
 -5365, -9038
 11679,    28
 -4061,  8917
 -5754, -9741
 10780,  1538
 -5790,  8031
 -4134,-10263
 11570,  3006
 -5510,  6970
  -591,-10593
 13877,  4401
 -3486,  5756
  4447,-10723
 17208,  5697
  -282,  4416
 10284,-10648
 20846,  6870
  3342,  2982
 16079,-10364
 23979,  7902
  6574,  1487
 20990, -9872
 25848,  8777
  8697,  -289
 24321, -9178
 25888,  9480
  9220, -1799
 25646, -8292
 23837, 10002
  7971, -3267
 24881, -7231
 19782, 10332
  5126, -4662
 22291, -6017
 14152, 10462
  1177, -5957
 18444, -4677
  7646, 10387
 -3155, -7131
 14102, -3243
  1108, 10103
 -7055, -8162
 10079, -1747
 -4616,  9612
 -9760, -9037
  7098,    28
 -8828,  8918
