          0
          0
       8548
      -6714
       8142
      10823
      -3847
      13304
      12957
       -838
      16733
      13246
        496
      18203
      11631
        214
      17772
       8349
      -1378
      15831
       3918
      -3983
      12995
       -954
      -6392
       9732
      -5749
      -8148
       7266
      -9246
      -8382
       5906
     -11179
      -7222
       5976
     -11300
      -4315
       7502
      -9673
        117
      10455
      -6411
       5577
      13798
      -2613
      11636
      17109
       1267
      17021
      19686
       4531
      21294
      20675
       6625
      23943
      20212
       7236
      24729
      17954
       6344
      23719
      14123
       4232
      21283
       9219
       1174
      18014
       3932
      -1636
      14365
      -1238
      -3755
      11544
      -5081
      -4327
       9851
      -7343
      -3493
       9598
      -7786
       -909
      10799
      -6483
       3200
      13172
      -3805
       8329
      16437
        -88
      13788
      19401
       3439
      19074
      21616
       6338
      22975
      22227
       8049
      25235
      21370
       8257
      25612
      18699
       6948
      24181
      14441
       4404
      21307
       9094
        897
      17328
       3347
      -2377
      13468
      -2293
      -4968
      10170
      -6617
      -6025
       7992
      -9365
      -5676
       7251
     -10295
      -3582
       7962
      -9483
         36
       9846
      -7292
       4679
      12371
      -4316
       9659
      15112
      -1009
      14213
      16856
       1425
      17910
      17012
       2684
      19723
      15713
       2458
      19673
      12621
        733
      17832
       7959
      -2465
      14311
       2230
      -6089
      10222
      -4128
      -9708
       6026
      -9840
     -12617
       2422
     -14459
     -13959
        -32
     -17474
     -13869
      -1019
     -18640
     -11997
       -518
     -18028
      -8567
       1189
     -16001
      -4078
       3569
     -13156
        782
       6207
      -9940
       5004
       7630
      -7817
       8660
       7757
      -6573
      10469
       6468
      -6775
      10455
       3424
      -8439
       8688
      -1150
     -11536
       5284
      -6750
     -15017
       1351
     -12940
     -18456
      -2652
     -18447
     -21149
      -6030
     -22828
     -22240
      -8223
     -25569
     -21866
      -8914
     -26430
     -19678
      -8088
     -25481
     -15901
      -6023
     -23088
     -11035
      -2999
     -19844
      -5765
       -200
     -16202
       -599
       1920
     -13374
       3257
       2512
     -11658
       5545
       1707
     -11371
       6027
       -834
     -12525
       4775
      -4888
     -14840
       2158
      -9952
     -18036
      -1486
     -15337
     -20924
      -4936
     -20543
     -23056
      -7749
     -24357
     -23579
      -9367
     -26523
     -22626
      -9482
     -26805
     -19860
      -8076
     -25275
     -15503
      -5432
     -22302
     -10056
      -1827
     -18227
      -3959
       1540
     -14273
       1519
       4224
     -10884
       5932
       5371
      -8615
       8770
       5111
      -7787
       9788
       3103
      -8414
       9060
       -433
     -10215
       6949
      -4996
     -12660
       4053
      -9896
     -15323
        821
     -14376
     -16996
      -1540
     -18004
     -17084
      -2735
     -19754
     -15724
      -2450
     -19643
     -12574
       -671
     -17753
      -7866
       2571
     -14193
      -2101
       6227
     -10075
       4285
       9872
      -5858
      10014
      12797
      -2238
      14645
      14147
        221
      17661
      14055
       1204
      18824
      12177
        694
      18197
       8729
      -1033
      16147
       4214
      -3444
      13526
       -423
      -5859
      10274
      -4938
      -7577
       7855
      -8638
      -7751
       6561
     -10498
      -6515
       6709
     -10542
      -3531
       8311
      -8837
        981
      11344
      -5498
       6513
      14756
      -1636
      12630
      18120
       2292
      18060
      20735
       5590
      22360
      21744
       7697
      25015
      21282
       8301
      25785
      19001
       7379
      24739
      15127
       5216
      22245
      10160
       2089
      18901
       4790
       -808
      15160
       -476
      -3029
      12232
      -4432
      -3720
      10415
      -6825
      -3021
      10021
      -7411
       -585
      11071
      -6265
       3363
      13281
      -3750
       8326
      16378
       -205
      13613
      19167
       3145
      18719
      21200
       5859
      22433
      21623
       7380
      24502
      20573
       7397
      24690
      17712
       5896
      23066
      13262
       2906
      19748
       7730
       -526
      15844
       1550
      -3976
      11810
      -4007
      -6737
       8346
      -8494
      -7955
       6007
     -11401
      -7766
       5111
     -12486
      -5821
       5676
     -11817
      -2344
       7421
      -9760
       2168
       9819
      -6907
       7029
      12447
      -3708
      11480
      14091
      -1371
      15085
      14158
       -198
      16817
      12783
       -494
      16699
       9627
      -2279
      14803
       4917
      -5518
      11247
       -842
      -9167
       7139
      -7215
     -12797
       2937
     -12928
     -15703
       -660
     -17535
     -17028
      -3090
     -20522
     -16903
      -4041
     -21648
     -14987
      -3490
     -21236
     -11754
      -1978
     -19143
      -7194
        481
     -16217
      -2250
       3204
     -12910
       2321
       4981
     -10430
       6084
       5218
      -9072
       8010
       4049
      -9154
       8119
       1130
     -10688
       6486
      -3307
     -13643
       3225
      -8760
     -16976
       -557
     -14796
     -20259
      -4401
     -20140
     -22785
      -7610
     -24349
     -23704
      -9626
     -26912
     -23146
     -10134
     -27587
     -20771
      -9118
     -26447
     -16804
      -6862
     -23860
     -11740
      -3637
     -20160
      -6271
       -637
     -16570
       -898
       1690
     -13534
       3166
       2489
     -11611
       5661
       1892
     -11116
       6351
       -443
     -12065
       5303
      -4293
     -14178
       2887
      -9159
     -17177
       -307
     -14349
     -19871
      -3818
     -19360
     -21810
      -6438
     -22983
     -22144
      -7872
     -24966
     -21010
      -7806
     -25071
     -18068
      -6228
     -23372
     -13543
      -3162
     -19979
      -7936
        343
     -16004
      -1686
       3863
     -11901
       3938
       6691
      -8371
       8489
       7970
      -5975
      11450
       7829
      -5032
      12577
       5925
      -5560
      11945
       2482
      -7274
       9918
      -2002
      -9644
       7090
      -6838
     -12249
       3911
     -11272
     -13879
       1587
     -14866
     -13938
        418
     -16594
     -12561
        716
     -16479
      -9411
       2492
     -14594
      -4712
       5718
     -11052
       1031
       9349
      -6966
       7380
      12953
      -2793
      13061
      15824
        769
      17632
      17112
       3162
      20578
      16945
       4067
      21912
      15234
       3720
      21191
      11691
       1894
      19040
       7070
       -627
      16047
       2055
      -3423
      12668
      -2589
      -5274
      10112
      -6426
      -5586
       8677
      -8432
      -4497
       8677
      -8623
      -1663
      10125
      -7079
       2682
      12988
      -3912
       8041
      16223
       -230
      13976
      19405
       3515
      19220
      21833
       6625
      23331
      22651
       8539
      25791
      21991
       8945
      26365
      19515
       7827
      25121
      15442
       5466
      22430
      10275
       2139
      18628
       4706
       -960
      14942
       -762
      -3381
      11811
      -4921
      -4276
       9794
      -7510
      -3771
       9206
      -8290
      -1526
      10068
      -7332
       2233
      12088
      -5006
       7009
      15000
      -1901
      12115
      17610
       1530
      17047
      19471
       4076
      20596
      19733
       5438
      22509
      18530
       5304
      22545
      15520
       3658
      20780
      10932
        531
      17329
       5266
      -3033
      13296
      -1038
      -6604
       9145
      -6709
      -9476
       5572
     -11300
     -10793
       3141
     -14296
     -10689
       2163
     -15459
      -8816
       2660
     -14852
      -5397
       4350
     -12847
       -932
       6705
     -10032
       3892
       9302
      -6863
       8320
      10925
      -4542
      11912
      10984
      -3369
      13646
       9614
      -3660
      13538
       6474
      -5423
      11670
       1794
      -8629
       8151
      -3924
     -12233
       3837
     -10497
     -16058
       -300
     -16139
     -18889
      -3819
     -20664
     -20128
      -6160
     -23558
     -19904
      -7005
     -24573
     -17874
      -6338
     -23785
     -14261
      -4440
     -21561
      -9565
      -1843
     -18492
      -4474
       1032
     -15029
        257
       2971
     -12384
       4186
       3378
     -10853
       6287
       2385
     -10756
       6578
       -349
     -12105
       5130
      -4598
     -14616
       2315
      -9862
     -18013
      -1530
     -15447
     -21100
      -5176
     -20849
     -23429
      -8186
     -24860
     -24148
     -10002
     -27222
     -23390
     -10309
     -27694
     -20810
      -9089
     -26350
     -16638
      -6629
     -23560
     -11374
      -3205
     -19661
      -5707
         -9
     -15879
       -144
       2508
     -12654
       4108
       3495
     -10542
       6792
       3082
      -9866
       7662
        929
     -10634
       6794
      -2744
     -12570
       4552
      -7435
     -15399
       1528
     -12461
     -17930
      -1824
     -17061
     -19717
      -4298
     -20796
     -19909
      -5593
     -22642
     -18640
      -5392
     -22615
     -15570
      -3689
     -20794
     -10930
       -512
     -17295
      -5219
       3093
     -13224
       1123
       6700
      -9038
       6827
       9605
      -5435
      11447
      10948
      -2978
      14465
      10861
      -1986
      15640
       9000
      -2473
      15043
       5589
      -4159
      13038
       1122
      -6518
      10215
      -3714
      -9128
       7029
      -8160
     -10773
       4686
     -11776
     -10859
       3486
     -13539
      -9521
       3741
     -13215
      -6163
       5719
     -11388
      -1530
       8877
      -7921
       4134
      12423
      -3922
      10395
      15934
        156
      15975
      18704
       3611
      20436
      19879
       5887
      23263
      19589
       6666
      24212
      17489
       5928
      23353
      13803
       3957
      21051
       9028
       1278
      17901
       3857
      -1675
      14361
      -1209
      -3694
      11634
      -4963
      -4183
      10019
      -7150
      -3279
       9833
      -7530
       -634
      11091
      -6176
       3521
      13507
      -3458
       8685
      16802
        283
      14167
      19786
       3828
      19467
      22013
       6738
      23378
      22631
       8452
      25637
      21771
       8658
      26010
      19095
       7340
      24568
      14824
       4783
      21681
       9464
       1265
      17691
       3707
      -2021
      13819
      -1945
      -4625
      10507
      -6284
      -5698
       8313
