     0,     0
 10867,  3636
 -6327, -9040
  6725,  8009
 14944,  1273
 -2138, -9926
 12605,  8807
 17793,  -273
   977, -9179
 16939,  9478
 18848, -1798
  2524, -8291
 19299, 10004
 17840, -3267
  2327, -7230
 19593, 10334
 14853, -4661
   557, -6017
 18085, 10463
 10311, -5956
 -2298, -4676
 15337, 10388
  4909, -7130
 -5521, -3242
 12107, 10103
  -513, -8162
 -8303, -1748
  9205,  9612
 -5115, -9037
 -9885,    28
  7347,  8918
 -8203, -9740
 -9705,  1538
  7023,  8032
 -9352,-10263
 -7499,  3007
  8403,  6971
 -8477,-10592
 -3357,  4401
 11313,  5757
 -5846,-10722
  2291,  5697
 15258,  4417
 -2026,-10648
  8748,  6871
 19518,  2982
  2223,-10364
 15169,  7902
 23279,  1488
  6083, -9872
 20709,  8777
 25778,  -288
  8837, -9179
 24671,  9480
 26449, -1799
  9990, -8292
 26626, 10002
 25026, -3268
  9368, -7232
 26486, 10332
 21594, -4662
  7144, -6017
 24515, 10462
 16581, -5958
  3808, -4678
 21277, 10387
 10680, -7131
    78, -3243
 17533, 10103
  4736, -8163
 -3233, -1749
 14094,  9611
  -410, -9038
 -5365,    28
 11679,  8917
 -4061, -9741
 -5754,  1538
 10780,  8031
 -5790,-10263
 -4134,  3006
 11570,  6970
 -5510,-10593
  -591,  4401
 13877,  5756
 -3486,-10723
  4447,  5697
 17208,  4416
  -282,-10648
 10284,  6870
 20846,  2982
  3342,-10364
 16079,  7902
 23979,  1487
  6574, -9872
 20990,  8777
 25848,  -289
  8697, -9178
 24321,  9480
 25888, -1799
  9220, -8292
 25646, 10002
 23837, -3267
  7971, -7231
 24881, 10332
 19782, -4662
  5126, -6017
 22291, 10462
 14152, -5957
  1177, -4677
 18444, 10387
  7646, -7131
 -3155, -3243
 14102, 10103
  1108, -8162
 -7055, -1747
 10079,  9612
 -4616, -9037
 -9760,    28
  7098,  8918
 -8828, -9741
-10703,  1539
  5650,  8032
-11098,-10262
 -9618,  3007
  5913,  6971
-11338,-10592
 -6587,  4402
  7716,  5757
 -9809,-10722
 -2036,  5697
 10569,  4417
 -7075,-10647
  3342,  6872
 13756,  2983
 -3892,-10363
  8705,  7903
 16468,  1488
 -1071, -9871
 13215,  8778
 17946,  -288
   672, -9177
 16177,  9482
 17629, -1798
   848, -8291
 17167, 10004
 15253, -3266
  -713, -7230
 16101, 10334
 10910, -4660
 -3834, -6016
 13247, 10463
  5029, -5956
 -8022, -4676
  9173, 10388
 -1692, -7129
-12556, -3241
  4642, 10104
 -8405, -8161
-16618, -1746
   471,  9613
-14265, -9036
-19446,    30
 -2621,  8919
-18574, -9739
-20473,  1540
 -4138,  8034
-20901,-10261
-19430,  3009
 -3904,  6973
-21156,-10591
-16401,  4403
 -2090,  5759
-19602,-10720
-11812,  5699
   814,  4419
-16803,-10645
 -6356,  6873
  4094,  2985
-13515,-10361
  -874,  7905
  6937,  1490
-10549, -9870
  3794,  8779
  8587,  -286
 -8622, -9176
  6953,  9483
  8479, -1796
 -8223, -8289
  8178, 10005
  6352, -3265
 -9524, -7229
  7385, 10335
  2293, -4659
-12349, -6015
  4839, 10465
 -3269, -5954
-16206, -4674
  1108, 10390
 -9635, -7128
-20374, -3240
 -3046, 10106
-15961, -8161
-24038, -1745
 -6810,  9614
-21403, -9035
-26438,    31
 -9464,  8920
-25264, -9738
-27008,  1541
-10515,  8035
-27116,-10260
-25481,  3009
 -9788,  6973
-26870,-10590
-21943,  4404
 -7457,  5760
-24792,-10720
-16822,  5699
 -4014,  4419
-21447,-10645
-10813,  6874
  -175,  2985
-17593,-10361
 -4760,  7905
  3245,  1490
-14046, -9869
   494,  8780
  5486,  -285
-11522, -9175
  4254,  9483
  5983, -1796
-10515, -8289
  6091, 10005
  4471, -3264
-11198, -7228
  5918, 10335
  1034, -4659
-13399, -6014
  3999, 10465
 -3899, -5955
-16626, -4674
   898, 10390
 -9635, -7128
-20163, -3240
 -2626, 10105
-15331, -8161
-23198, -1745
 -5761,  9614
-20145, -9035
-24972,    30
 -7789,  8921
-23383, -9739
-24921,  1541
 -8223,  8034
-24620,-10260
-22782,  3009
 -6888,  6973
-23770,-10590
-18644,  4404
 -3961,  5759
-21100,-10720
-12936,  5699
    65,  4419
-17178,-10646
 -6356,  6873
  4469,  2985
-12765,-10361
   250,  7905
  8434,  1489
 -8679, -9870
  6036,  8779
 11200,  -286
 -5638, -9176
 10305,  9482
 12198, -1797
 -4138, -8290
 12626, 10004
 11161, -3265
 -4355, -7229
 12910, 10334
  8172, -4660
 -6118, -6015
 11419, 10464
  3657, -5956
 -8937, -4675
  8716, 10389
 -1692, -7130
-12098, -3241
  5557, 10104
 -7033, -8161
-14790, -1747
  2754,  9613
-11528, -9036
-16255,    30
  1022,  8919
-14482, -9740
-15932,  1540
   848,  8032
-15470,-10261
-13558,  3008
  2406,  6971
-14410,-10592
 -9223,  4402
  5517,  5758
-11569,-10721
 -3357,  5697
  9688,  4417
 -7515,-10647
  3342,  6871
 14197,  2983
 -3011,-10363
 10026,  7903
 18228,  1488
  1128, -9871
 15851,  8777
 21018,  -288
  4179, -9177
 20117,  9481
 22001, -1798
  5650, -8292
 22396, 10003
 20907, -3267
  5363, -7231
 22596, 10333
 17822, -4661
  3491, -6017
 20982, 10462
 13170, -5957
   522, -4677
 18116, 10387
  7646, -7131
 -2827, -3243
 14756, 10102
  2091, -8162
 -5746, -1748
 11714,  9612
 -2656, -9037
 -7475,    28
  9705,  8917
 -5898, -9741
 -7453,  1538
  9220,  8032
 -7211,-10263
 -5414,  3007
 10431,  6970
 -6508,-10593
 -1448,  4401
 13162,  5757
 -4058,-10723
  4017,  5696
 16921,  4416
  -425,-10648
 10284,  6870
 20989,  2982
  3628,-10364
 16509,  7902
 24551,  1487
  7288, -9872
 21846,  8777
 26846,  -289
  9836, -9179
 25601,  9480
 27309, -1799
 10780, -8292
 27345, 10002
 25674, -3268
  9945, -7232
 26991, 10332
 22028, -4662
  7506, -6018
 24804, 10461
 16798, -5957
  3953, -4677
 21350, 10387
 10680, -7132
     6, -3243
 17388, 10103
  4519, -8162
 -3522, -1748
 13732,  9611
  -843, -9037
 -5870,    28
 11103,  8917
 -4709, -9742
 -6473,  1538
  9990,  8031
 -6650,-10263
 -5064,  3006
 10571,  6970
 -6579,-10593
 -1728,  4401
 12672,  5756
 -4758,-10723
  3107,  5696
 15802,  4417
 -1753,-10647
  8748,  6870
 19246,  2982
  1678,-10364
 14353,  7903
 22191,  1488
  4725, -9872
 19080,  8776
 23879,  -288
  6669, -9178
 22236,  9481
 23747, -1799
  7023, -8292
 23395, 10003
 21532, -3267
  5613, -7231
 22471, 10333
 17322, -4661
  2617, -6017
 19734, 10462
 11549, -5957
 -1472, -4677
 15750, 10387
  4909, -7130
 -5934, -3242
 11282, 10103
 -1751, -8162
 -9952, -1747
  7145,  9612
 -7585, -9037
-12763,    29
  4061,  8918
-11895, -9740
-13801,  1539
  2524,  8033
-14251,-10262
-12796,  3007
  2711,  6971
-14563,-10592
 -9833,  4402
  4450,  5758
-13093,-10721
 -5337,  5698
  7253,  4418
-10404,-10647
     0,  6872
 10404,  2984
 -7253,-10362
  5337,  7904
 13093,  1488
 -4450, -9870
  9833,  8779
 14563,  -287
 -2711, -9177
 12796,  9482
 14251, -1797
 -2524, -8290
 13801, 10004
 11895, -3266
 -4061, -7229
 12763, 10334
  7585, -4660
 -7145, -6015
  9952, 10464
  1751, -5955
-11282, -4675
  5934, 10389
 -4909, -7129
-15750, -3241
  1472, 10105
-11549, -8161
-19734, -1746
 -2617,  9613
-17322, -9035
-22471,    30
 -5613,  8920
-21532, -9739
-23395,  1541
 -7023,  8034
-23747,-10261
-22236,  3009
 -6669,  6973
-23879,-10591
-19080,  4404
 -4725,  5759
-22191,-10720
-14353,  5699
 -1678,  4419
-19246,-10645
 -8748,  6873
  1753,  2985
-15802,-10360
 -3107,  7905
  4758,  1490
-12672, -9869
  1728,  8780
  6579,  -286
-10571, -9176
  5064,  9483
  6650, -1796
 -9990, -8289
  6473, 10005
  4709, -3265
-11103, -7228
  5870, 10336
   843, -4659
-13732, -6014
  3522, 10465
 -4519, -5954
-17388, -4674
    -6, 10390
-10680, -7128
-21350, -3240
 -3953, 10106
-16798, -8160
-24804, -1745
 -7506,  9614
-22028, -9034
-26991,    31
 -9945,  8920
-25674, -9738
-27345,  1542
-10780,  8034
-27309,-10260
-25601,  3010
 -9836,  6973
-26846,-10590
-21846,  4404
 -7288,  5759
-24551,-10720
-16509,  5700
 -3628,  4420
-20989,-10645
-10284,  6873
   425,  2985
-16921,-10360
 -4017,  7905
  4058,  1490
-13162, -9869
  1448,  8780
  6508,  -286
-10431, -9175
  5414,  9483
  7211, -1796
 -9220, -8289
  7453, 10005
  5898, -3265
 -9705, -7228
  7475, 10335
  2656, -4659
-11714, -6015
  5746, 10465
 -2091, -5955
-14756, -4674
  2827, 10389
 -7646, -7128
-18116, -3240
  -522, 10105
-13170, -8161
-20982, -1746
 -3491,  9614
-17822, -9035
-22596,    30
 -5363,  8920
-20907, -9739
-22396,  1540
 -5650,  8034
-22001,-10261
-20117,  3009
 -4179,  6972
-21018,-10591
-15851,  4403
 -1128,  5759
-18228,-10720
-10026,  5699
  3011,  4418
-14197,-10646
 -3342,  6872
  7515,  2984
 -9688,-10362
  3357,  7904
 11569,  1489
 -5517, -9870
  9223,  8778
 14410,  -287
 -2406, -9176
 13558,  9482
 15470, -1798
  -848, -8290
 15932, 10003
 14482, -3266
 -1022, -7230
 16255, 10334
 11528, -4660
 -2754, -6016
 14790, 10463
  7033, -5956
 -5557, -4676
 12098, 10388
  1692, -7130
 -8716, -3242
  8937, 10104
 -3657, -8161
-11419, -1747
  6118,  9612
 -8172, -9037
-12910,    29
  4355,  8918
-11161, -9740
-12626,  1539
  4138,  8032
-12198,-10262
-10305,  3007
  5638,  6971
-11200,-10592
 -6036,  4402
  8679,  5757
 -8434,-10722
  -250,  5697
 12765,  4417
 -4469,-10647
  6356,  6871
 17178,  2983
   -65,-10363
 12936,  7903
 21100,  1487
  3961, -9872
 18644,  8777
 23770,  -288
  6888, -9178
 22782,  9480
 24620, -1799
  8223, -8292
 24921, 10002
 23383, -3268
  7789, -7231
 24972, 10333
 20145, -4662
  5761, -6017
 23198, 10462
 15331, -5957
  2626, -4677
 20163, 10387
  9635, -7131
  -898, -3243
 16626, 10103
  3899, -8162
 -3999, -1748
 13399,  9611
 -1034, -9038
 -5918,    28
 11198,  8917
 -4471, -9742
 -6091,  1538
 10515,  8031
 -5983,-10263
 -4254,  3007
 11522,  6970
 -5486,-10593
  -494,  4401
 14046,  5756
 -3245,-10723
  4760,  5697
 17593,  4416
   175,-10648
 10813,  6870
 21447,  2982
  4014,-10364
 16822,  7902
 24792,  1487
  7457, -9872
 21943,  8777
 26870,  -289
  9788, -9178
 25481,  9480
 27116, -1800
 10515, -8292
 27008, 10002
 25264, -3268
  9464, -7231
 26438, 10332
 21403, -4662
  6810, -6017
 24038, 10462
 15961, -5958
  3046, -4677
 20374, 10387
  9635, -7132
 -1108, -3243
 16206, 10103
  3269, -8162
 -4839, -1748
 12349,  9611
 -2293, -9038
 -7385,    28
  9524,  8918
 -6352, -9741
 -8178,  1539
  8223,  8031
 -8479,-10263
 -6953,  3007
  8622,  6971
 -8587,-10593
 -3794,  4401
 10549,  5757
 -6937,-10722
   874,  5697
 13515,  4417
 -4094,-10648
  6356,  6871
 16803,  2983
  -814,-10363
 11812,  7903
 19602,  1488
  2090, -9871
 16401,  8777
 21156,  -288
  3904, -9178
 19430,  9481
 20901, -1798
  4138, -8291
 20473, 10003
 18574, -3267
  2621, -7230
 19446, 10333
 14265, -4661
  -471, -6016
 16618, 10463
  8405, -5957
 -4642, -4676
 12556, 10388
  1692, -7130
 -9173, -3242
  8022, 10104
 -5029, -8161
-13247, -1747
  3834,  9612
-10910, -9036
-16101,    29
   713,  8919
-15253, -9740
-17167,  1539
  -848,  8033
-17629,-10262
-16177,  3008
  -672,  6972
-17946,-10591
-13215,  4403
  1071,  5758
-16468,-10721
 -8705,  5699
  3892,  4418
-13756,-10646
 -3342,  6872
  7075,  2985
-10569,-10362
  2036,  7905
  9809,  1489
 -7716, -9870
  6587,  8779
 11338,  -287
 -5913, -9176
  9618,  9483
 11098, -1797
 -5650, -8290
 10703, 10004
  8828, -3265
 -7098, -7229
  9760, 10335
  4616, -4659
-10079, -6015
  7055, 10464
 -1108, -5955
-14102, -4675
  3155, 10390
 -7646, -7129
-18444, -3241
 -1177, 10105
-14152, -8160
-22291, -1746
 -5126,  9614
-19782, -9034
-24881,    31
 -7971,  8920
-23837, -9739
-25646,  1541
 -9220,  8034
-25888,-10260
-24321,  3009
 -8697,  6973
-25848,-10590
-20990,  4404
 -6574,  5759
-23979,-10720
-16079,  5700
 -3342,  4419
-20846,-10645
-10284,  6873
   282,  2985
-17208,-10360
 -4447,  7905
  3486,  1490
-13877, -9869
   591,  8780
  5510,  -286
-11570, -9175
  4134,  9483
  5790, -1796
-10780, -8289
  5754, 10005
  4061, -3265
-11679, -7228
  5365, 10335
   410, -4659
-14094, -6014
  3233, 10465
 -4736, -5955
-17533, -4674
   -78, 10390
-10680, -7128
-21277, -3240
 -3808, 10106
-16581, -8160
-24515, -1745
 -7144,  9614
-21594, -9035
-26486,    31
 -9368,  8921
-25026, -9738
-26626,  1541
 -9990,  8034
-26449,-10260
-24671,  3010
 -8837,  6973
-25778,-10590
-20709,  4404
 -6083,  5759
-23279,-10720
-15169,  5700
 -2223,  4419
-19518,-10645
 -8748,  6873
  2026,  2985
-15258,-10361
 -2291,  7905
  5846,  1490
-11313, -9869
  3357,  8779
  8477,  -286
 -8403, -9175
  7499,  9483
  9352, -1797
 -7023, -8290
  9705, 10005
  8203, -3265
 -7347, -7228
  9885, 10335
  5115, -4660
 -9205, -6015
  8303, 10464
   513, -5955
-12107, -4675
  5521, 10389
 -4909, -7129
-15337, -3241
  2298, 10105
-10311, -8161
-18085, -1746
  -557,  9613
-14853, -9036
-19593,    30
 -2327,  8919
-17840, -9740
-19299,  1540
 -2524,  8034
-18848,-10261
-16939,  3008
  -977,  6972
-17793,-10591
-12605,  4402
  2138,  5758
-14944,-10721
 -6725,  5698
  6327,  4418
-10867,-10646
     0,  6872
 10867,  2984
 -6327,-10362
  6725,  7904
 14944,  1489
 -2138, -9871
 12605,  8778
 17793,  -288
   977, -9177
 16939,  9481
 18848, -1798
  2524, -8291
 19299, 10004
 17840, -3267
  2327, -7230
 19593, 10334
 14853, -4661
   557, -6017
 18085, 10463
 10311, -5956
 -2298, -4676
 15337, 10388
  4909, -7130
 -5521, -3242
 12107, 10103
  -513, -8162
 -8303, -1748
  9205,  9612
 -5115, -9037
 -9885,    28
  7347,  8918
 -8203, -9740
 -9705,  1538
  7023,  8032
 -9352,-10263
 -7499,  3007
  8403,  6971
 -8477,-10592
 -3357,  4401
 11313,  5757
 -5846,-10722
  2291,  5697
 15258,  4417
 -2026,-10648
  8748,  6871
 19518,  2982
  2223,-10364
 15169,  7902
 23279,  1488
  6083, -9872
 20709,  8777
 25778,  -288
  8837, -9179
 24671,  9480
 26449, -1799
  9990, -8292
 26626, 10002
 25026, -3268
  9368, -7232
 26486, 10332
 21594, -4662
  7144, -6017
 24515, 10462
 16581, -5958
  3808, -4678
 21277, 10387
 10680, -7131
    78, -3243
 17533, 10103
  4736, -8163
 -3233, -1749
 14094,  9611
  -410, -9038
 -5365,    28
 11679,  8917
 -4061, -9741
 -5754,  1538
 10780,  8031
 -5790,-10263
 -4134,  3006
 11570,  6970
 -5510,-10593
  -591,  4401
 13877,  5756
 -3486,-10723
  4447,  5697
 17208,  4416
  -282,-10648
 10284,  6870
 20846,  2982
  3342,-10364
 16079,  7902
 23979,  1487
  6574, -9872
 20990,  8777
 25848,  -289
  8697, -9178
 24321,  9480
 25888, -1799
  9220, -8292
 25646, 10002
 23837, -3267
  7971, -7231
 24881, 10332
 19782, -4662
  5126, -6017
 22291, 10462
 14152, -5957
  1177, -4677
 18444, 10387
  7646, -7131
 -3155, -3243
 14102, 10103
  1108, -8162
 -7055, -1747
 10079,  9612
 -4616, -9037
 -9760,    28
  7098,  8918
 -8828, -9741
